50
7
0.63 0.74 0.91 0.98 0.83 0.93 0.70
0.39 0.02 0.54 0.26 0.07 0.41 0.24
10
0.56 0.77 0.62 0.93 0.58 0.80 0.64 0.86 0.02 0.81
0.95 0.10 0.16 0.83 0.92 0.17 0.99 0.41 0.78 0.55
2
0.25 0.83
0.75 0.33
10
0.41 0.62 0.76 0.74 0.15 0.91 0.79 0.53 0.97 0.29
0.06 0.44 0.85 0.94 0.35 0.24 0.71 0.21 0.12 0.18
5
0.05 0.03 0.66 0.50 0.32
0.71 0.13 0.74 0.55 0.92
10
0.51 0.52 0.65 0.61 0.13 0.36 0.60 0.37 0.41 0.16
0.80 0.75 0.95 0.67 0.77 0.85 0.72 0.89 0.79 0.84
10
0.34 0.05 0.15 0.16 0.02 0.35 0.24 0.29 0.26 0.19
0.68 0.90 0.45 0.84 0.94 0.76 0.52 0.50 0.65 0.40
10
0.15 0.90 0.33 0.38 0.43 0.40 0.93 0.75 0.65 0.45
0.12 0.17 0.27 0.25 0.20 0.22 0.78 0.83 0.70 0.95
2
0.14 0.33
0.43 0.48
5
0.39 0.52 0.43 0.26 0.57
0.09 0.91 0.17 0.87 0.13
9
0.19 0.23 0.38 0.65 0.88 0.92 0.50 0.85 0.42
0.08 0.27 0.04 0.31 0.46 0.69 0.12 0.58 0.15
10
0.37 0.60 0.84 0.63 0.56 0.38 0.41 0.19 0.15 0.64
0.27 0.16 0.59 0.58 0.35 0.47 0.93 0.91 0.02 0.26
1
0.3
0.2
1
0.2
0.5
5
0.98 0.71 0.93 0.25 0.55
0.89 0.84 0.36 0.23 0.96
5
0.46 0.88 0.96 0.27 0.77
0.04 0.19 0.08 0.15 0.12
2
0.6 0.8
0.4 0.9
10
0.12 0.30 0.61 0.65 0.19 0.38 0.81 0.49 0.67 0.97
0.42 0.90 0.64 0.84 0.17 0.32 0.99 0.51 0.29 0.28
10
0.454 0.815 0.319 0.286 0.622 0.924 0.588 0.067 0.361 0.261
0.126 0.546 0.252 0.992 0.513 0.471 0.269 0.059 0.076 0.655
6
0.06 0.56 0.71 0.92 0.46 0.50
0.96 0.85 0.27 0.77 0.33 0.73
10
0.86 0.10 0.21 0.60 0.62 0.29 0.93 0.79 0.19 0.52
0.67 0.43 0.45 0.38 0.48 0.83 0.40 0.31 0.26 0.88
4
0.07 0.34 0.27 0.66
0.76 0.71 0.80 0.83
6
0.27 0.33 0.87 0.20 0.13 0.07
0.73 0.53 0.60 0.47 0.93 0.40
10
0.29 0.38 0.05 0.11 0.36 0.46 0.09 0.75 0.16 0.20
0.69 0.77 0.72 0.40 0.22 0.92 0.49 0.82 0.68 0.08
8
0.89 0.43 0.64 0.49 0.99 0.91 0.97 0.54
0.41 0.69 0.55 0.16 0.79 0.44 0.06 0.10
10
0.29 0.95 0.69 0.86 0.64 0.44 0.48 0.55 0.04 0.90
0.70 0.51 0.01 0.23 0.33 0.05 0.56 0.74 0.76 0.34
8
0.32 0.93 0.04 0.14 0.86 0.25 0.82 0.43
0.07 0.75 0.29 0.46 0.39 0.54 0.21 0.89
10
0.01 0.60 0.68 0.08 0.36 0.55 0.47 0.05 0.67 0.83
0.85 0.37 0.42 0.12 0.78 0.92 0.95 0.14 0.82 0.77
10
0.87 0.65 0.78 0.96 0.52 0.91 0.61 0.48 0.57 0.70
0.30 0.26 0.17 0.22 0.04 0.43 0.09 0.13 0.39 0.35
10
0.615 0.183 0.560 0.514 0.193 0.229 0.954 0.606 0.431 0.220
0.578 0.202 0.404 0.257 0.376 0.706 0.165 0.284 0.174 0.505
4
0.24 0.67 0.43 0.04
0.30 0.83 0.20 0.22
10
0.825 0.544 0.912 0.798 0.842 0.588 0.939 0.605 0.518 0.886
0.325 0.009 0.254 0.307 0.439 0.175 0.465 0.281 0.316 0.447
10
0.81 0.04 0.10 0.84 0.83 0.54 0.77 0.73 0.76 0.80
0.14 0.71 0.43 0.30 0.57 0.47 0.61 0.37 0.13 0.50
10
0.18 0.05 0.80 0.07 0.53 0.88 0.23 0.75 0.37 0.35
0.17 0.60 0.70 0.08 0.55 0.87 0.92 0.57 0.82 0.43
1
0.4
0.3
9
0.792 0.653 0.059 0.802 0.327 0.950 0.931 0.079 0.386
0.030 0.495 0.772 0.317 0.970 0.158 0.446 0.297 0.703
10
0.009 0.071 0.053 0.080 0.106 0.035 0.248 0.159 0.097 0.292
0.717 0.522 0.628 0.735 0.434 0.558 0.389 0.513 0.442 0.575
10
0.09 0.16 0.20 0.54 0.19 0.91 0.70 0.74 0.85 0.38
0.24 0.47 0.18 0.61 0.41 0.51 0.22 0.64 0.49 0.31
10
0.479 0.824 0.832 0.782 0.807 0.882 0.983 0.571 0.471 0.933
0.420 0.286 0.168 0.118 0.269 0.328 0.218 0.067 0.244 0.092
8
0.49 0.20 0.23 0.69 0.70 0.30 0.21 0.03
0.92 0.38 0.97 0.80 0.48 0.95 0.56 0.46
3
0.35 0.32 0.10
0.84 0.55 0.65
10
0.03 0.14 0.74 0.80 0.89 0.49 0.43 0.29 0.66 0.09
0.46 0.69 0.37 0.94 0.20 0.51 0.17 0.34 0.97 0.91
10
0.88 0.57 0.26 0.91 0.27 0.28 0.32 0.08 0.86 0.33
0.01 0.37 0.52 0.98 0.78 0.73 0.82 0.85 0.36 0.90
9
0.25 0.09 0.06 0.29 0.10 0.33 0.27 0.16 0.05
0.72 0.94 0.63 0.44 0.39 0.84 0.42 0.97 0.49
10
0.54 0.73 0.72 0.29 0.63 0.03 0.17 0.68 0.50 0.84
0.41 0.15 0.96 0.76 0.80 0.74 0.06 0.70 0.60 0.55
10
0.63 0.28 0.80 0.20 0.24 0.13 0.59 0.26 0.72 0.83
0.74 0.46 0.16 0.27 0.09 0.57 0.43 0.49 0.86 0.96
10
0.34 0.56 0.07 0.15 0.54 0.83 0.12 0.59 0.80 0.10
0.68 0.90 0.49 0.27 0.66 0.61 0.93 0.24 0.05 0.17
3
0.69 0.41 0.48
0.76 0.66 0.17
10
0.98 0.38 0.60 0.51 0.53 0.09 0.77 0.92 0.06 0.19
0.85 0.96 0.30 0.17 0.68 0.64 0.25 0.94 0.72 0.91
3
0.70 0.57 0.39
0.13 0.04 0.87
