100
4
10 5 15 5
2
100 100
8
81 81 81 81 81 81 81 0
6
23 90 40 0 100 9
2
0 0
10
100 0 100 0 100 0 100 0 100 0
10
100 100 100 100 100 100 100 100 100 0
5
86 62 56 18 57
6
93 2 3 6 66 37
7
15 46 96 37 17 0 66
8
99 45 18 98 79 89 92 62
9
93 19 26 60 78 0 35 43 15
10
41 53 49 36 54 36 79 3 64 31
10
61 81 70 40 51 14 53 42 40 19
10
58 58 92 24 83 57 66 33 2 68
10
40 56 75 81 85 75 31 90 60 13
10
50 62 62 24 75 77 82 50 3 38
10
60 56 67 35 12 31 64 89 4 73
10
84 0 88 32 15 63 21 89 94 29
10
84 64 13 55 48 7 68 19 33 95
10
48 60 65 99 69 31 22 26 40 95
10
68 26 28 50 80 18 96 12 6 21
10
39 89 76 99 83 42 0 28 93 4
10
5 32 68 87 78 74 52 12 86 74
10
13 98 76 69 92 59 12 45 21 54
10
44 78 37 61 85 91 23 4 40 21
10
50 15 2 54 48 72 56 38 30 47
10
78 31 23 7 30 64 40 35 17 44
10
3 6 9 15 75 75 20 20 63 27
10
34 22 19 42 45 6 89 66 58 19
10
7 72 46 33 31 91 23 70 85 39
10
28 46 29 22 48 72 58 26 15 21
10
29 34 71 32 41 55 68 4 18 43
10
66 7 23 80 48 64 17 16 34 39
10
25 70 55 19 40 70 49 31 32 90
10
20 27 64 73 49 54 53 77 10 36
10
75 71 73 98 19 78 84 61 45 85
10
20 58 72 54 28 98 91 66 84 32
10
12 19 57 44 35 14 54 62 14 16
10
33 42 48 31 65 67 56 73 4 57
10
79 0 81 14 92 88 12 55 11 77
10
66 43 50 40 33 31 68 81 55 21
10
46 20 58 79 85 20 60 15 38 2
10
60 65 28 99 20 60 45 9 71 30
10
59 78 71 25 88 19 30 10 72 42
10
82 83 89 18 68 22 22 81 95 80
10
78 73 61 47 71 16 94 36 87 75
10
89 69 71 43 66 58 1 75 58 28
10
98 24 49 30 93 99 62 26 12 80
10
61 52 18 77 98 18 63 87 94 0
10
39 53 51 86 93 94 77 40 44 3
10
18 65 78 61 78 95 64 21 92 20
10
10 5 95 56 73 84 75 48 27 95
10
14 38 68 45 36 30 31 81 19 78
10
86 33 37 76 92 0 2 42 77 17
10
60 21 55 2 50 77 47 7 73 41
10
45 71 38 42 5 73 63 77 70 9
10
75 44 75 66 61 40 98 96 6 49
10
88 25 43 90 14 78 56 66 85 52
10
36 57 14 19 84 5 60 0 25 74
10
23 56 34 69 95 95 41 5 88 3
10
12 51 73 52 52 87 50 84 31 85
10
90 29 16 91 70 55 18 89 49 56
10
1 60 69 56 41 92 62 0 10 72
10
8 96 86 55 42 54 63 12 0 31
10
94 62 89 47 65 57 79 4 97 60
10
52 15 57 23 6 90 52 19 57 27
10
78 82 28 4 50 52 29 4 16 76
10
87 90 65 94 74 23 46 7 7 91
10
36 36 8 9 76 76 36 31 23 16
10
74 5 91 76 11 24 89 38 61 63
10
8 16 0 9 10 60 17 51 12 1
10
36 85 72 34 19 84 86 61 27 24
10
18 49 68 10 28 25 30 32 97 17
10
28 39 42 43 63 12 15 77 16 93
10
52 42 86 16 58 4 99 85 7 37
10
7 98 7 93 94 78 43 1 80 26
10
12 69 77 74 3 55 24 6 3 96
10
75 56 34 35 54 35 35 15 96 4
10
5 59 35 84 46 90 37 9 1 89
10
4 27 3 82 58 1 40 85 90 48
10
32 89 10 60 59 29 72 61 79 82
10
44 58 88 9 85 14 23 41 19 76
10
6 8 83 46 52 31 47 11 6 32
10
17 48 84 79 8 62 92 75 91 75
10
66 98 60 1 23 16 97 58 8 94
10
27 22 43 11 14 7 92 34 20 14
10
7 73 99 80 95 65 16 26 79 65
10
12 19 67 4 38 90 49 55 94 11
10
0 7 12 10 1 79 70 5 30 37
10
83 94 62 90 79 28 27 0 16 60
10
85 41 16 84 18 24 46 71 53 92
10
86 0 56 52 88 5 68 95 43 50
10
37 91 15 20 19 28 66 72 98 76
10
51 58 92 48 98 62 95 75 75 84
10
75 8 47 88 21 49 37 94 2 11
10
33 8 46 42 13 71 98 4 48 9
10
29 43 94 58 66 36 14 32 35 61
10
92 42 62 99 83 37 42 22 32 27
10
47 99 16 43 0 87 50 4 79 87
